0 50 50 50 50 50 50 50 0
0 50 50 50 50 50 50 50 0
0 50 50 50 50 50 50 50 0
0 50 50 50 50 50 50 50 0
2 51 51 51 51 49 49 47 1
2 51 51 51 51 50 49 46 1
2 51 51 51 51 50 49 47 1
2 51 51 51 51 50 49 47 1
2 51 51 51 51 50 49 47 1
2 51 51 51 51 50 49 47 1
2 51 51 51 51 50 49 47 1
2 51 51 51 51 50 49 47 1
2 51 51 51 51 50 49 47 1
2 51 51 51 51 50 49 47 1
2 51 51 51 51 50 49 48 1
2 51 51 51 51 50 49 48 1
2 51 51 51 51 50 49 48 1
2 51 51 51 51 50 49 48 1
2 51 51 51 51 50 49 48 1
2 51 51 51 51 50 48 48 1
2 51 51 51 51 50 48 48 1
2 51 51 51 51 50 48 48 1
2 51 51 51 51 50 48 48 1
0 50 50 50 50 50 50 50 0
2 51 51 51 51 50 48 48 1
2 51 51 51 51 50 48 48 1
0 50 50 50 50 50 50 50 0
0 50 50 50 50 50 50 50 0
0 50 50 50 50 50 50 50 0
0 50 50 50 50 50 50 50 0
0 50 50 50 50 50 50 50 0
0 50 50 50 50 50 50 50 0
0 50 50 50 50 50 50 50 0
0 50 50 50 50 50 50 50 0
0 50 50 50 50 50 50 50 0
0 50 50 50 50 50 50 50 0
0 50 50 50 50 50 50 50 0
0 50 50 50 50 50 50 50 0
0 50 50 50 50 50 50 50 0
0 50 50 50 50 50 50 50 0
0 50 50 50 50 50 50 50 0
0 50 50 50 50 50 50 50 0
0 50 50 50 50 50 50 50 0
0 50 50 50 50 50 50 50 0
0 50 50 50 50 50 50 50 0
0 50 50 50 50 50 50 50 0
0 50 50 50 50 50 50 50 0
0 50 50 50 50 50 50 50 0
0 50 50 50 50 50 50 50 0
0 50 50 50 50 50 50 50 0
0 50 50 50 50 50 50 50 0
0 50 50 50 50 50 50 50 0
0 50 50 50 50 50 50 50 0
0 50 50 50 50 50 50 50 0
0 50 50 50 50 50 50 50 0
0 50 50 50 50 50 50 50 0
0 50 50 50 50 50 50 50 0
0 50 50 50 50 50 50 50 0
0 50 50 50 50 50 50 50 0
0 50 50 50 50 50 50 50 0
0 50 50 50 50 50 50 50 0
0 50 50 50 50 50 50 50 0
0 50 50 50 50 50 50 50 0
0 50 50 50 50 50 50 50 0
0 50 50 50 50 50 50 50 0
0 50 50 50 50 50 50 50 0
0 50 50 50 50 50 50 50 0
0 50 50 50 50 50 50 50 0
2 51 51 51 51 50 47 49 1
2 51 51 51 51 50 47 49 1
2 51 51 51 51 50 47 49 1
2 51 51 51 51 50 47 49 1
2 51 51 51 51 50 47 49 1
2 51 51 51 51 50 47 49 1
0 50 50 50 50 50 50 50 0
0 50 50 50 50 50 50 50 0
0 50 50 50 50 50 50 50 0
0 50 50 50 50 50 50 50 0
0 50 50 50 50 50 50 50 0
0 50 50 50 50 50 50 50 0
0 50 50 50 50 50 50 50 0
0 50 50 50 50 50 50 50 0
0 50 50 50 50 50 50 50 0
0 50 50 50 50 50 50 50 0
0 50 50 50 50 50 50 50 0
0 50 50 50 50 50 50 50 0
0 50 50 50 50 50 50 50 0
0 50 50 50 50 50 50 50 0
0 50 50 50 50 50 50 50 0
0 50 50 50 50 50 50 50 0
0 50 50 50 50 50 50 50 0
0 50 50 50 50 50 50 50 0
0 50 50 50 50 50 50 50 0
0 50 50 50 50 50 50 50 0
0 50 50 50 50 50 50 50 0
0 50 50 50 50 50 50 50 0
0 50 50 50 50 50 50 50 0
0 50 50 50 50 50 50 50 0
0 50 50 50 50 50 50 50 0
0 50 50 50 50 50 50 50 0
0 50 50 50 50 50 50 50 0
0 50 50 50 50 50 50 50 0
0 50 50 50 50 50 50 50 0
0 50 50 50 50 50 50 50 0
0 50 50 50 50 50 50 50 0
0 50 50 50 50 50 50 50 0
0 50 50 50 50 50 50 50 0
0 50 50 50 50 50 50 50 0
0 50 50 50 50 50 50 50 0
0 50 50 50 50 50 50 50 0
0 50 50 50 50 50 50 50 0
0 50 50 50 50 50 50 50 0
0 50 50 50 50 50 50 50 0
0 50 50 50 50 50 50 50 0
0 50 50 50 50 50 50 50 0
0 50 50 50 50 50 50 50 0
0 50 50 50 50 50 50 50 0
0 50 50 50 50 50 50 50 0
0 50 50 50 50 50 50 50 0
0 50 50 50 50 50 50 50 0
0 50 50 50 50 50 50 50 0
0 50 50 50 50 50 50 50 0
0 50 50 50 50 50 50 50 0
2 50 50 51 51 50 47 48 1
2 50 50 51 51 50 47 48 1
2 50 50 51 51 50 47 48 1
2 50 50 51 51 50 47 48 1
2 50 50 51 51 50 47 48 1
0 50 50 50 50 50 50 50 0
0 50 50 50 50 50 50 50 0
0 50 50 50 50 50 50 50 0
0 50 50 50 50 50 50 50 0
0 50 50 50 50 50 50 50 0
0 50 50 50 50 50 50 50 0
0 50 50 50 50 50 50 50 0
0 50 50 50 50 50 50 50 0
0 50 50 50 50 50 50 50 0
0 50 50 50 50 50 50 50 0
0 50 50 50 50 50 50 50 0
0 50 50 50 50 50 50 50 0
0 50 50 50 50 50 50 50 0
0 50 50 50 50 50 50 50 0
0 50 50 50 50 50 50 50 0
0 50 50 50 50 50 50 50 0
0 50 50 50 50 50 50 50 0
0 50 50 50 50 50 50 50 0
0 50 50 50 50 50 50 50 0
0 50 50 50 50 50 50 50 0
0 50 50 50 50 50 50 50 0
0 50 50 50 50 50 50 50 0
0 50 50 50 50 50 50 50 0
0 50 50 50 50 50 50 50 0
0 50 50 50 50 50 50 50 0
0 50 50 50 50 50 50 50 0
0 50 50 50 50 50 50 50 0
0 50 50 50 50 50 50 50 0
0 50 50 50 50 50 50 50 0
0 50 50 50 50 50 50 50 0
0 50 50 50 50 50 50 50 0
0 50 50 50 50 50 50 50 0
0 50 50 50 50 50 50 50 0
0 50 50 50 50 50 50 50 0
0 50 50 50 50 50 50 50 0
0 50 50 50 50 50 50 50 0
0 50 50 50 50 50 50 50 0
0 50 50 50 50 50 50 50 0
2 52 51 51 51 49 49 48 1
2 52 51 51 51 49 49 48 1
2 52 51 51 51 49 49 48 1
2 52 51 51 51 49 49 48 1
2 52 51 51 51 49 49 48 1
2 52 51 51 51 49 49 48 1
2 52 51 51 51 49 49 48 1
2 52 51 51 51 49 49 48 1
0 50 50 50 50 50 50 50 0
2 52 51 51 51 49 49 48 1
2 52 51 51 51 49 49 48 1
2 52 51 51 51 49 49 48 1
2 52 51 51 51 49 49 48 1
2 52 51 51 51 49 49 48 1
2 52 51 51 51 49 49 48 1
2 52 51 51 51 49 49 48 1
2 52 51 51 51 49 49 48 1
2 52 51 51 51 49 49 48 1
2 52 51 51 51 49 49 48 1
2 52 51 51 51 49 49 48 1
2 52 51 51 51 49 49 48 1
2 51 51 51 51 49 48 49 1
2 51 51 51 51 49 48 49 1
2 51 51 51 51 49 48 49 1
2 51 51 51 51 49 48 49 1
0 50 50 50 50 50 50 50 0
0 50 50 50 50 50 50 50 0
0 50 50 50 50 50 50 50 0
0 50 50 50 50 50 50 50 0
2 51 51 51 51 49 48 49 1
2 51 51 51 51 49 48 49 1
2 51 51 51 51 49 48 49 1
2 51 51 51 51 49 48 49 1
2 51 51 51 51 49 48 49 1
2 51 51 51 51 49 48 49 1
2 51 51 51 51 49 48 49 1
2 51 51 51 51 49 48 49 1
2 51 51 51 51 49 48 49 1
2 51 51 51 51 49 48 49 1
2 51 51 51 51 49 48 49 1
2 51 51 51 51 49 48 49 1
2 51 51 51 51 49 48 49 1
2 51 51 51 51 49 48 49 1
2 51 51 51 51 49 48 49 1
2 51 51 51 51 49 48 49 1
2 51 51 51 51 49 48 49 1
2 51 51 51 51 49 48 49 1
2 51 51 51 51 49 48 49 1
2 52 51 51 50 49 48 49 1
